sensitivity=1.000000
volume=0.701613
resWidth=1280
resHeight=720
